各列箱线图统计信息 (IQR方法)
============================================================
数据文件: C:\Users\Richa\Desktop\diabetes-prediction-project\data\processed\diabetes_filled_by_age.csv
数据行数: 768
统计时间: 2025-12-01 14:43:55.881874


Pregnancies:
  Q1: 1.00, Q3: 6.00, IQR: 5.00
  异常值边界: [-6.50, 13.50]
  异常值数量: 4
  异常值行: [88, 159, 298, 455]
  异常值具体数值: [15, 17, 14, 14]

Glucose:
  Q1: 99.75, Q3: 140.25, IQR: 40.50
  异常值边界: [39.00, 201.00]
  异常值数量: 0

BloodPressure:
  Q1: 64.00, Q3: 80.00, IQR: 16.00
  异常值边界: [40.00, 104.00]
  异常值数量: 14
  异常值行: [18, 43, 84, 106, 125, 177, 362, 549, 597, 599, 658, 662, 672, 691]
  异常值具体数值: [30, 110, 108, 122, 30, 110, 108, 110, 24, 38, 106, 106, 106, 114]

SkinThickness:
  Q1: 25.00, Q3: 32.00, IQR: 7.00
  异常值边界: [14.50, 42.50]
  异常值数量: 87
  异常值行: [8, 16, 32, 39, 50, 55, 57, 68, 80, 86, 99, 120, 130, 134, 150, 155, 169, 177, 191, 197, 198, 211, 252, 254, 273, 275, 279, 286, 289, 293, 307, 313, 316, 320, 335, 340, 353, 370, 374, 375, 382, 385, 392, 393, 409, 422, 428, 432, 434, 444, 445, 446, 447, 450, 458, 465, 466, 476, 519, 532, 539, 548, 565, 575, 579, 580, 585, 591, 594, 595, 609, 617, 625, 639, 657, 661, 662, 663, 665, 671, 689, 693, 698, 710, 718, 753, 763]
  异常值具体数值: [45, 47, 11, 47, 11, 10, 60, 13, 13, 54, 51, 56, 14, 13, 50, 44, 12, 46, 44, 13, 44, 54, 14, 7, 50, 52, 10, 44, 43, 45, 14, 10, 11, 12, 43, 13, 12, 48, 43, 43, 8, 13, 14, 12, 49, 46, 46, 11, 8, 12, 63, 12, 45, 13, 48, 13, 10, 45, 7, 52, 49, 43, 14, 47, 99, 46, 11, 50, 45, 14, 13, 13, 47, 12, 48, 43, 46, 46, 45, 10, 46, 49, 11, 13, 46, 44, 48]

Insulin:
  Q1: 105.00, Q3: 156.00, IQR: 51.00
  异常值边界: [28.50, 232.50]
  异常值数量: 72
  异常值行: [8, 13, 20, 31, 43, 52, 53, 54, 56, 73, 108, 111, 139, 144, 153, 162, 182, 186, 199, 206, 215, 220, 228, 231, 247, 248, 254, 258, 279, 286, 296, 335, 359, 360, 364, 370, 375, 388, 392, 395, 409, 412, 415, 425, 445, 458, 480, 485, 486, 487, 519, 561, 566, 574, 584, 597, 606, 608, 612, 617, 645, 655, 673, 679, 695, 707, 710, 711, 713, 715, 753, 760]
  异常值具体数值: [543, 846, 235, 245, 240, 23, 300, 342, 304, 270, 18, 495, 325, 284, 485, 285, 23, 495, 318, 280, 271, 478, 744, 370, 680, 402, 258, 375, 278, 545, 360, 255, 249, 325, 293, 465, 325, 285, 415, 275, 579, 310, 474, 277, 14, 237, 328, 250, 480, 265, 326, 274, 18, 330, 600, 25, 293, 272, 321, 15, 440, 540, 240, 265, 480, 335, 387, 22, 291, 392, 510, 16]

BMI:
  Q1: 27.50, Q3: 36.60, IQR: 9.10
  异常值边界: [13.85, 50.25]
  异常值数量: 8
  异常值行: [120, 125, 177, 193, 247, 303, 445, 673]
  异常值具体数值: [53.2, 55.0, 67.1, 52.3, 52.3, 52.9, 59.4, 57.3]

DiabetesPedigreeFunction:
  Q1: 0.24, Q3: 0.63, IQR: 0.38
  异常值边界: [-0.33, 1.20]
  异常值数量: 29
  异常值行: [4, 12, 39, 45, 58, 100, 147, 187, 218, 228, 243, 245, 259, 292, 308, 330, 370, 371, 383, 395, 445, 534, 593, 606, 618, 621, 622, 659, 661]
  异常值具体数值: [2.288, 1.441, 1.39, 1.893, 1.781, 1.222, 1.4, 1.321, 1.224, 2.329, 1.318, 1.213, 1.353, 1.224, 1.391, 1.476, 2.137, 1.731, 1.268, 1.6, 2.42, 1.251, 1.699, 1.258, 1.282, 1.698, 1.461, 1.292, 1.394]

Age:
  Q1: 24.00, Q3: 41.00, IQR: 17.00
  异常值边界: [-1.50, 66.50]
  异常值数量: 9
  异常值行: [123, 363, 453, 459, 489, 537, 666, 674, 684]
  异常值具体数值: [69, 67, 72, 81, 67, 67, 70, 68, 69]

============================================================
总计: 223 个异常值